123
5
CvC
easy
-5 18
5 26
-5 34
5 17
-5 6
5 12
-5 15
5 14
-5 38
5 11
-5 3
5 1
-5 22
5 0
-5 29
5 37
-5 35
5 30
-5 5
5 8
-5 24
-5 36
5 13
5 16
-5 25
5 19
-5 31
5 33
5 21
-5 32
-5 27
-5 9
5 2
5 23
5 10
5 7
5 20
5 39
5 4
5 28
123
5
CvP
easy
-5 16
5 34
-5 25
5 9
-5 14
5 18
-5 23
123
5
CvC
hard
-5 36
5 27
-5 0
5 1
-5 4
5 5
-5 6
5 7
-5 8
5 9
-5 10
5 11
-5 14
5 15
-5 16
5 17
-5 18
5 19
-5 26
5 28
-5 38
5 29
-5 34
-5 32
-5 30
-5 22
5 20
5 24
5 25
5 23
5 21
5 12
-5 3
-5 2
-5 13
-5 31
5 33
5 35
5 37
5 39
